--- Day 5: If You Give A Seed A Fertilizer ---
Part 1: 313045984
[[3030725489 3033445474]]
[[1872593670 1926843402] [1343868079 1359085730] [1269799042 1271687360] [4090099847 4093243012] [427091657 520090890] [2465100437 2465969134] [1946444743 1956473874] [1082453615 1103644676] [250145417 349212350] [3831697189 3834400525] [2492768952 2523499948] [382646685 388322218]]
[[243337623 249397103] [6504921 19621129] [242892183 249397103] [6504921 7167650] [20283860 48618681] [2121452137 2124297836] [3370801951 3371248986] [1304650767 1336421463] [661140479 662337107] [252764162 331622255] [745558539 749646179] [3207895028 3210978249] [338793119 342459605] [2347086776 2350994344] [3033971551 3067189358] [1024083384 1030895788] [3276582265 3277933785] [387748909 411843907] [789425378 794960898]]
[[2776666648 2825742558] [3281864476 3294622261] [2838500345 2861653429] [3579338448 3579568121] [3135629516 3155552998] [2701440994 2730130160] [1750967026 1780774254] [2340870946 2345820020] [2656240963 2667334371] [3714670750 3731480130]]
[[4122162343 4134179997] [2775979874 2800066593]]
[[1096668614 1103644676] [250145417 277517962] [3653945084 3656128692] [1792276758 1810997278] [2124297837 2170292999] [2554922214 2577823574] [514630381 522405533] [3411833745 3432226072] [1534357178 1560425520]]
[[182691956 242809260] [1296165918 1308793198] [2917391064 2927365341] [2350994345 2395036244] [1931707104 1967972763] [3648366923 3656930588]]
[[313045984 318990752]]
[[2531678786 2546787367] [4059300793 4059580188] [3751882295 3759425748] [4067813906 4072006772] [624916227 665350746] [652482890 665593225] [1434285352 1456531530] [3374834109 3380689925] [2252358778 2258930588] [1698833898 1727611659] [2929166016 2933753334] [1035070722 1057597558] [2403460621 2426482640]]
[[499797702 520090890] [2465100437 2465969134] [1946444743 1956473874] [2477570748 2484620629] [2696097755 2700283873]]
Part 2: 6504921
Time: 0.58ms
